eval_loss = 0.4101891434990643
pearson_corr = 0.905456697679061
spearman_corr = 0.9033282113153029
