eval_loss = 0.03424746764914062
pearson_corr = 0.9759485126098133
spearman_corr = 0.9510523160027923
